procs -----------memory---------- ---swap-- -----io---- -system-- ------cpu-----
 r  b   swpd   free   buff  cache   si   so    bi    bo   in   cs us sy id wa st
 0  0      0   2372      2    207    0    0    55     5   42   51  0  0 100  0  0
 0  0      0   2372      2    207    0    0     0     0   62   89  0  0 100  0  0
 0  0      0   2372      2    207    0    0     0     0   45   86  0  0 100  0  0
 0  0      0   2372      2    207    0    0     0     0   81   81  0  0 100  0  0
 0  0      0   2372      2    207    0    0     0     0   81   81  0  0 100  0  0
 0  0      0   2372      2    207    0    0     0     8   90   89  0  0 100  0  0
 0  0      0   2372      2    207    0    0     0     0   80   83  0  0 100  0  0
 0  0      0   2372      2    207    0    0     0     0   71   74  0  0 100  0  0
 0  0      0   2372      2    207    0    0     0     0   81   82  0  0 100  0  0
 0  0      0   2372      2    207    0    0     0     0   82   83  0  0 100  0  0
 0  0      0   2372      2    207    0    0     0    49   99   95  0  0 100  0  0
 0  0      0   2372      2    207    0    0     0     0   84  100  0  0 100  0  0
 0  0      0   2372      2    207    0    0     0     0   41   79  0  0 100  0  0
 0  0      0   2372      2    207    0    0     0     0   40   79  0  0 100  0  0
 0  0      0   2372      2    207    0    0     0     0   42   80  0  0 100  0  0
 0  0      0   2372      2    207    0    0     0     0   44   81  0  0 100  0  0
 0  0      0   2366      2    207    0    0     0     0  647  633  1  2 97  0  0
 0  0      0   2366      2    207    0    0     0     0   83  116  0  0 100  0  0
 0  0      0   2365      2    207    0    0     0     2  115  142  0  0 100  0  0
 0  0      0   2365      2    207    0    0     0     0   41   80  0  0 100  0  0
